198787931
147474518
129199299
110796277
149312255
50261138
211019789
121205246
240248434
140893712
207821433
247518502
127218681
151053522
153704218
215279356
198787931
147474518
129199299
110796277
149312255
50261138
211019789
121205246
240248434
140893712
207821433
247518502
127218681
151053522
153704218
215279356
227953390
166758514
178465896
198787931
147474518
129199299
110796277
149312255
50261138
211019789
121205246
240248434
140893712
207821433
247518502
127218681
151053522
153704218
215279356
227953390
166758514
178465896
132960652
172681517
136879581
139161603
209685051
160443475
197475113
118788454
93336922
119984715
97138184
132237125
117569430
167594458
115144657
142456366
186516563
182721043
162271032
137416404
230539736
95953270
118529448
180965705
201872807
202129314
174869599
162272982
126650051
284668440
169129423
156579503
146268571
78889878
152500741
43613480
128548260
124681380
211821996
195701774
125391452
120295165
137538457
211211282
109216945
140256717
103436856
203975071
143332785
91529484
145666666
154992531
152116072
136602685
138148366
196085859
164251317
125214774
135313254
124654672
70708337
189470876
243155834
135540233
102325472
148735235
121364210
109732546
198910367
193648479
138376188
166318061
141809454
89886352
210881008
92944106
129352784
102559514
154195582
56668532
208107937
159099288
159201015
221747870
125482052
58852509
169545977
248580968
68078992
199547936
164068078
230056468
167142797
147148687
158924610
85203917
237481856
187428888
136702637
138516286
142748064
348639808
166101250
181562016
170538638
178450128
112845770
162818190
192752960
202890396
325704368
179886618
111750520
178062973
68570466
119542672
176855598
179512594
183531768
201514066
188796810
372478012
190417312
234578218
166749254
161445125
85927094
123037327
170339261
147023271
198079240
91475330
89850992
99687642
83578358
78672404
85598184
97387822
92658424
84906110
206322578
215711638
115400714
128256865
137329743
113367516
92171526
128764827
210554510
120046773
79963520
210205030
96088616
96589410
101294450
121825624
88412166
193121214
79828236
208994368
93643698
125918026
99343418
106948208
65601284
114504668
103699652
85515324
76864384
88039464
81282806
92896144
79214264
82177080
83623070
68450486
71312732
61156688
89695850
91437098
115853772
87155476
86332248
98289672
111371538
95126320
79418014
91212584
110469466
122002978
114268608
178946782
96375088
92231560
77933894
146516650
86989036
117307648
72204352
72656518
61678174
112354758
103951472
82880046
115196886
92205370
241489448
176593720
225456922
242904170
168658848
183759450
217123718
102055812
105100650
106330242
169171622
97180398
127144682
128604606
132654358
124922786
121262618
105071640
111657550
68116746
60285520
84059044
60070922
58806768
53600154
130726846
55613612
67697746
67258310
114029444
78992442
76755960
55815014
56409884
104539786
62494722
66384092
65811410
91857002
51214656
74123610
93047106
96777424
77962980
76661440
83625880
67343300
176847116
210066821
108481550
116738388
81071612
83346040
93030080
96999272
102345974
93557786
140554803
99183032
101299210
76777818
79042522
83102518
112430450
92241188
87918636
90223880
86844354
96218014
64308338
50289544
50408490
53150476
64266302
60138468
62990798
71547054
237260800
91190124
91436004
74955422
100130600
89935028
244470432
201307408
215327932
86725378
86725378
211141426
66458612
69494258
214150901
284896769
215718759
147953150
135810000
165434443
154197265
119528740
188563391
173282654
72223232
167072143
107547653
152868815
89679355
204630328
153244088
204409773
101826345
161673710
123127294
196170009
96202237
207415954
100254194
107993933
299157772
190332622
190162422
159936548
156119080
216598934
197781950
169365138
183885772
